    From Bangkok to Huatakae :

    Number  | Train |  Bangkok  | Huatakae  |
    -----------------------------------------
    (1)     |379    |   04.15   |   05.10   |
    (2)     |275    |   05.55   |   07.02   |
    (3)*    |376    |    N/A    |   07.40   |
    (4)     |283/285|   06.55   |   08.13   |
    (5)     |281    |   08.00   |   08.56   |
    (6)     |367    |   10.10   |   11.08   |
    (7)     |389    |   12.10   |   13.02   |
    (8)     |279    |   13.05   |   13.47   |
    (9)     |277    |   15.25   |   16.17   |
    (10)    |391    |   16.55   |   17.51   |
    (11)    |371    |   17.40   |   18.41   |
    (12)    |383    |   18.25   |   19.23   |

    From Huatakae to Bangkok :

    Number  | Train | Huatakae  |  Bangkok  |
    -----------------------------------------
    (21)    |380    |   06.00   |   07.10   |
    (22)    |384    |   06.26   |   07.45   |
    (23)    |372    |   07.01   |   08.15   |
    (24)    |388    |   07.35   |   08.35   |
    (25)    |378    |   08.05   |   09.20   |
    (26)    |278    |   09.11   |   10.15   |
    (27)    |280    |   11.07   |   12.05   |
    (28)    |368    |   13.16   |   14.10   |
    (29)    |390    |   14.35   |   15.25   |
    (30)    |282    |   16.09   |   17.15   |
    (31)    |284/286|   17.06   |   18.15   |
    (32)    |276    |   18.42   |   19.40   |

    **From State railway of Thailand.
    *not included train number 376 from Rangsit.
    Last updated : 23/10/2017